Identity  : 	id10270
Reference : 	GWXujl-xAVM
Offset    : 	-1
FV Conf   : 	22.100
ASD Conf  : 	5.660

FRAME 	X 	Y 	W 	H 
006467 	115 	95 	187 	186 
006468 	115 	95 	187 	186 
006469 	115 	95 	187 	186 
006470 	115 	95 	187 	186 
006471 	89 	64 	223 	224 
006472 	89 	64 	223 	224 
006473 	89 	64 	223 	224 
006474 	94 	95 	187 	186 
006475 	94 	95 	187 	186 
006476 	74 	95 	186 	186 
006477 	74 	95 	186 	186 
006478 	74 	95 	186 	186 
006479 	74 	95 	186 	186 
006480 	64 	64 	224 	224 
006481 	74 	74 	186 	187 
006482 	74 	74 	186 	187 
006483 	74 	74 	186 	187 
006484 	74 	74 	186 	187 
006485 	94 	74 	187 	187 
006486 	94 	74 	187 	187 
006487 	94 	74 	187 	187 
006488 	94 	74 	187 	187 
006489 	94 	74 	187 	187 
006490 	89 	39 	223 	224 
006491 	89 	39 	223 	224 
006492 	89 	39 	223 	224 
006493 	94 	53 	187 	187 
006494 	94 	53 	187 	187 
006495 	94 	53 	187 	187 
006496 	94 	53 	187 	187 
006497 	94 	74 	187 	187 
006498 	94 	74 	187 	187 
006499 	94 	74 	187 	187 
006500 	94 	74 	187 	187 
006501 	89 	39 	223 	224 
006502 	94 	74 	187 	187 
006503 	94 	74 	187 	187 
006504 	89 	64 	223 	224 
006505 	89 	64 	223 	224 
006506 	89 	64 	223 	224 
006507 	89 	64 	223 	224 
006508 	89 	64 	223 	224 
006509 	89 	64 	223 	224 
006510 	89 	64 	223 	224 
006511 	89 	64 	223 	224 
006512 	89 	64 	223 	224 
006513 	89 	64 	223 	224 
006514 	115 	95 	187 	186 
006515 	115 	95 	187 	186 
006516 	115 	95 	187 	186 
006517 	115 	95 	187 	186 
006518 	115 	95 	187 	186 
006519 	115 	95 	187 	186 
006520 	115 	95 	187 	186 
006521 	115 	95 	187 	186 
006522 	115 	95 	187 	186 
006523 	115 	95 	187 	186 
006524 	89 	64 	223 	224 
006525 	89 	64 	223 	224 
006526 	94 	95 	187 	186 
006527 	94 	95 	187 	186 
006528 	94 	95 	187 	186 
006529 	94 	95 	187 	186 
006530 	94 	95 	187 	186 
006531 	94 	95 	187 	186 
006532 	94 	95 	187 	186 
006533 	89 	64 	223 	224 
006534 	89 	64 	223 	224 
006535 	89 	64 	223 	224 
006536 	89 	64 	223 	224 
006537 	89 	64 	223 	224 
006538 	89 	64 	223 	224 
006539 	115 	74 	187 	187 
006540 	115 	74 	187 	187 
006541 	115 	74 	187 	187 
006542 	115 	74 	187 	187 
006543 	115 	74 	187 	187 
006544 	115 	74 	187 	187 
006545 	115 	74 	187 	187 
006546 	115 	74 	187 	187 
006547 	115 	74 	187 	187 
006548 	115 	74 	187 	187 
006549 	115 	74 	187 	187 
006550 	89 	64 	223 	224 
006551 	89 	64 	223 	224 
006552 	89 	64 	223 	224 
006553 	89 	64 	223 	224 
006554 	94 	74 	187 	187 
006555 	94 	74 	187 	187 
006556 	94 	74 	187 	187 
006557 	94 	95 	187 	186 
006558 	74 	74 	186 	187 
006559 	74 	95 	186 	186 
006560 	53 	74 	187 	187 
006561 	53 	74 	187 	187 
006562 	53 	74 	187 	187 
006563 	53 	74 	187 	187 
006564 	32 	74 	187 	187 
006565 	32 	74 	187 	187 
006566 	32 	74 	187 	187 
006567 	32 	74 	187 	187 
006568 	32 	74 	187 	187 
006569 	32 	74 	187 	187 
006570 	32 	74 	187 	187 
006571 	32 	74 	187 	187 
006572 	32 	74 	187 	187 
006573 	32 	74 	187 	187 
006574 	32 	74 	187 	187 
006575 	53 	74 	187 	187 
006576 	53 	74 	187 	187 
006577 	53 	74 	187 	187 
006578 	74 	95 	186 	186 
006579 	74 	95 	186 	186 
006580 	94 	95 	187 	186 
006581 	115 	74 	187 	187 
006582 	115 	74 	187 	187 
006583 	115 	74 	187 	187 
006584 	115 	74 	187 	187 
006585 	135 	74 	187 	187 
006586 	135 	74 	187 	187 
006587 	113 	64 	224 	224 
006588 	135 	74 	187 	187 
006589 	135 	74 	187 	187 
006590 	135 	95 	187 	186 
006591 	113 	64 	224 	224 
006592 	113 	64 	224 	224 
006593 	113 	64 	224 	224 
006594 	115 	95 	187 	186 
006595 	115 	95 	187 	186 
006596 	94 	95 	187 	186 
006597 	94 	95 	187 	186 
006598 	94 	95 	187 	186 
006599 	94 	95 	187 	186 
006600 	74 	95 	186 	186 
006601 	74 	95 	186 	186 
006602 	74 	95 	186 	186 
006603 	74 	95 	186 	186 
006604 	39 	64 	224 	224 
006605 	53 	74 	187 	187 
006606 	53 	74 	187 	187 
006607 	53 	74 	187 	187 
006608 	53 	74 	187 	187 
006609 	14 	64 	224 	224 
006610 	32 	95 	187 	186 
006611 	32 	95 	187 	186 
006612 	32 	95 	187 	186 
006613 	32 	95 	187 	186 
006614 	32 	95 	187 	186 
006615 	32 	95 	187 	186 
006616 	32 	95 	187 	186 
006617 	32 	95 	187 	186 
006618 	32 	95 	187 	186 
006619 	32 	95 	187 	186 
006620 	32 	95 	187 	186 
006621 	32 	95 	187 	186 
006622 	32 	95 	187 	186 
006623 	32 	95 	187 	186 
006624 	32 	95 	187 	186 
006625 	32 	95 	187 	186 
006626 	53 	74 	187 	187 
006627 	53 	74 	187 	187 
006628 	53 	74 	187 	187 
006629 	74 	95 	186 	186 
006630 	74 	95 	186 	186 
006631 	94 	95 	187 	186 
006632 	94 	95 	187 	186 
006633 	94 	95 	187 	186 
006634 	94 	95 	187 	186 
006635 	115 	95 	187 	186 
006636 	115 	95 	187 	186 
006637 	115 	95 	187 	186 
006638 	115 	74 	187 	187 
006639 	115 	74 	187 	187 
006640 	115 	74 	187 	187 
006641 	115 	74 	187 	187 
006642 	115 	74 	187 	187 
006643 	115 	74 	187 	187 
006644 	115 	74 	187 	187 
006645 	115 	74 	187 	187 
006646 	115 	74 	187 	187 
006647 	115 	74 	187 	187 
