Identity  : 	id10270
Reference : 	GWXujl-xAVM
Offset    : 	-1
FV Conf   : 	24.632
ASD Conf  : 	6.566

FRAME 	X 	Y 	W 	H 
012353 	115 	115 	187 	187 
012354 	115 	115 	187 	187 
012355 	115 	115 	187 	187 
012356 	115 	95 	187 	186 
012357 	115 	95 	187 	186 
012358 	115 	95 	187 	186 
012359 	115 	115 	187 	187 
012360 	115 	115 	187 	187 
012361 	115 	95 	187 	186 
012362 	115 	95 	187 	186 
012363 	115 	95 	187 	186 
012364 	115 	95 	187 	186 
012365 	115 	95 	187 	186 
012366 	115 	95 	187 	186 
012367 	115 	95 	187 	186 
012368 	115 	95 	187 	186 
012369 	115 	115 	187 	187 
012370 	115 	115 	187 	187 
012371 	115 	115 	187 	187 
012372 	115 	115 	187 	187 
012373 	115 	115 	187 	187 
012374 	115 	115 	187 	187 
012375 	115 	115 	187 	187 
012376 	115 	115 	187 	187 
012377 	115 	136 	187 	187 
012378 	115 	136 	187 	187 
012379 	115 	136 	187 	187 
012380 	115 	136 	187 	187 
012381 	115 	136 	187 	187 
012382 	115 	136 	187 	187 
012383 	115 	136 	187 	187 
012384 	115 	115 	187 	187 
012385 	115 	115 	187 	187 
012386 	115 	115 	187 	187 
012387 	115 	115 	187 	187 
012388 	115 	115 	187 	187 
012389 	115 	95 	187 	186 
012390 	115 	95 	187 	186 
012391 	115 	95 	187 	186 
012392 	115 	74 	187 	187 
012393 	115 	74 	187 	187 
012394 	115 	74 	187 	187 
012395 	115 	95 	187 	186 
012396 	115 	95 	187 	186 
012397 	115 	95 	187 	186 
012398 	115 	95 	187 	186 
012399 	115 	95 	187 	186 
012400 	115 	95 	187 	186 
012401 	115 	95 	187 	186 
012402 	115 	95 	187 	186 
012403 	115 	95 	187 	186 
012404 	115 	95 	187 	186 
012405 	115 	95 	187 	186 
012406 	94 	95 	187 	186 
012407 	94 	95 	187 	186 
012408 	94 	95 	187 	186 
012409 	94 	95 	187 	186 
012410 	94 	95 	187 	186 
012411 	94 	95 	187 	186 
012412 	94 	95 	187 	186 
012413 	94 	95 	187 	186 
012414 	98 	95 	187 	186 
012415 	102 	95 	187 	186 
012416 	107 	95 	187 	186 
012417 	111 	95 	187 	186 
012418 	115 	95 	187 	186 
012419 	106 	85 	199 	199 
012420 	98 	74 	211 	211 
012421 	89 	64 	223 	224 
012422 	89 	64 	223 	224 
012423 	94 	74 	187 	187 
012424 	94 	74 	187 	187 
012425 	94 	74 	187 	187 
012426 	94 	74 	187 	187 
012427 	94 	74 	187 	187 
012428 	94 	74 	187 	187 
012429 	94 	74 	187 	187 
012430 	94 	74 	187 	187 
012431 	94 	74 	187 	187 
012432 	94 	74 	187 	187 
012433 	94 	74 	187 	187 
012434 	94 	74 	187 	187 
012435 	94 	74 	187 	187 
012436 	94 	74 	187 	187 
012437 	94 	74 	187 	187 
012438 	94 	74 	187 	187 
012439 	94 	74 	187 	187 
012440 	94 	74 	187 	187 
012441 	94 	74 	187 	187 
012442 	94 	74 	187 	187 
012443 	94 	74 	187 	187 
012444 	94 	74 	187 	187 
012445 	94 	74 	187 	187 
012446 	94 	74 	187 	187 
012447 	94 	74 	187 	187 
012448 	94 	74 	187 	187 
012449 	94 	74 	187 	187 
012450 	94 	74 	187 	187 
012451 	94 	74 	187 	187 
012452 	94 	74 	187 	187 
012453 	94 	74 	187 	187 
012454 	94 	74 	187 	187 
012455 	94 	74 	187 	187 
012456 	94 	74 	187 	187 
012457 	94 	74 	187 	187 
012458 	94 	74 	187 	187 
012459 	94 	74 	187 	187 
012460 	94 	74 	187 	187 
012461 	94 	74 	187 	187 
012462 	94 	74 	187 	187 
012463 	94 	74 	187 	187 
012464 	94 	74 	187 	187 
012465 	94 	74 	187 	187 
012466 	94 	74 	187 	187 
012467 	94 	74 	187 	187 
012468 	94 	74 	187 	187 
012469 	94 	74 	187 	187 
012470 	94 	74 	187 	187 
012471 	94 	74 	187 	187 
012472 	94 	74 	187 	187 
012473 	94 	74 	187 	187 
012474 	94 	74 	187 	187 
012475 	94 	74 	187 	187 
012476 	94 	74 	187 	187 
012477 	94 	74 	187 	187 
012478 	94 	74 	187 	187 
012479 	94 	74 	187 	187 
012480 	94 	74 	187 	187 
012481 	94 	74 	187 	187 
012482 	94 	74 	187 	187 
012483 	94 	74 	187 	187 
012484 	94 	74 	187 	187 
012485 	94 	74 	187 	187 
012486 	94 	74 	187 	187 
012487 	94 	74 	187 	187 
012488 	94 	74 	187 	187 
012489 	94 	74 	187 	187 
012490 	94 	74 	187 	187 
012491 	94 	74 	187 	187 
012492 	94 	74 	187 	187 
012493 	94 	74 	187 	187 
012494 	94 	74 	187 	187 
012495 	94 	74 	187 	187 
012496 	94 	74 	187 	187 
012497 	94 	74 	187 	187 
012498 	94 	74 	187 	187 
012499 	94 	74 	187 	187 
012500 	94 	74 	187 	187 
012501 	94 	74 	187 	187 
012502 	94 	74 	187 	187 
012503 	94 	74 	187 	187 
012504 	94 	74 	187 	187 
012505 	94 	74 	187 	187 
012506 	94 	74 	187 	187 
012507 	94 	74 	187 	187 
012508 	94 	74 	187 	187 
012509 	94 	74 	187 	187 
012510 	94 	74 	187 	187 
012511 	94 	74 	187 	187 
012512 	94 	74 	187 	187 
012513 	94 	74 	187 	187 
012514 	94 	74 	187 	187 
012515 	94 	74 	187 	187 
012516 	94 	74 	187 	187 
012517 	94 	74 	187 	187 
012518 	94 	74 	187 	187 
012519 	94 	74 	187 	187 
012520 	74 	53 	186 	187 
012521 	74 	53 	186 	187 
012522 	74 	53 	186 	187 
012523 	74 	53 	186 	187 
012524 	74 	53 	186 	187 
012525 	74 	53 	186 	187 
012526 	74 	53 	186 	187 
012527 	74 	53 	186 	187 
012528 	74 	53 	186 	187 
012529 	74 	53 	186 	187 
012530 	74 	53 	186 	187 
012531 	74 	53 	186 	187 
012532 	74 	53 	186 	187 
012533 	74 	53 	186 	187 
012534 	74 	53 	186 	187 
012535 	39 	39 	224 	224 
012536 	39 	39 	224 	224 
012537 	39 	39 	224 	224 
012538 	74 	74 	186 	187 
012539 	74 	74 	186 	187 
012540 	74 	74 	186 	187 
012541 	74 	74 	186 	187 
012542 	74 	74 	186 	187 
012543 	74 	74 	186 	187 
012544 	94 	74 	187 	187 
012545 	94 	74 	187 	187 
012546 	115 	74 	187 	187 
012547 	115 	74 	187 	187 
012548 	115 	74 	187 	187 
012549 	115 	74 	187 	187 
012550 	115 	74 	187 	187 
012551 	115 	74 	187 	187 
012552 	135 	74 	187 	187 
012553 	115 	74 	187 	187 
012554 	115 	74 	187 	187 
012555 	115 	74 	187 	187 
012556 	115 	74 	187 	187 
012557 	115 	74 	187 	187 
012558 	115 	74 	187 	187 
012559 	115 	74 	187 	187 
012560 	115 	74 	187 	187 
012561 	115 	74 	187 	187 
012562 	115 	74 	187 	187 
012563 	115 	74 	187 	187 
012564 	115 	74 	187 	187 
012565 	115 	74 	187 	187 
012566 	115 	74 	187 	187 
012567 	115 	74 	187 	187 
012568 	115 	74 	187 	187 
012569 	94 	74 	187 	187 
012570 	94 	74 	187 	187 
012571 	94 	74 	187 	187 
012572 	94 	74 	187 	187 
012573 	94 	74 	187 	187 
012574 	74 	74 	186 	187 
012575 	74 	74 	186 	187 
012576 	74 	74 	186 	187 
012577 	74 	74 	186 	187 
012578 	74 	74 	186 	187 
012579 	74 	74 	186 	187 
012580 	74 	74 	186 	187 
012581 	74 	74 	186 	187 
012582 	74 	74 	186 	187 
012583 	95 	96 	156 	156 
012584 	74 	74 	186 	187 
012585 	95 	96 	156 	156 
012586 	94 	74 	187 	187 
012587 	94 	74 	187 	187 
012588 	94 	74 	187 	187 
012589 	94 	74 	187 	187 
012590 	94 	74 	187 	187 
012591 	94 	74 	187 	187 
012592 	94 	74 	187 	187 
012593 	94 	74 	187 	187 
012594 	94 	74 	187 	187 
012595 	94 	74 	187 	187 
012596 	94 	74 	187 	187 
012597 	94 	74 	187 	187 
012598 	94 	74 	187 	187 
012599 	94 	74 	187 	187 
012600 	94 	74 	187 	187 
012601 	94 	74 	187 	187 
012602 	115 	74 	187 	187 
012603 	115 	74 	187 	187 
012604 	115 	74 	187 	187 
012605 	115 	74 	187 	187 
012606 	115 	95 	187 	186 
012607 	115 	95 	187 	186 
012608 	115 	95 	187 	186 
012609 	115 	95 	187 	186 
012610 	113 	113 	155 	156 
012611 	94 	95 	187 	186 
012612 	94 	95 	187 	186 
012613 	94 	95 	187 	186 
012614 	94 	95 	187 	186 
012615 	94 	95 	187 	186 
012616 	115 	95 	187 	186 
012617 	115 	95 	187 	186 
012618 	115 	95 	187 	186 
012619 	115 	95 	187 	186 
012620 	115 	95 	187 	186 
012621 	115 	95 	187 	186 
012622 	115 	95 	187 	186 
012623 	115 	95 	187 	186 
012624 	115 	95 	187 	186 
012625 	115 	95 	187 	186 
012626 	115 	95 	187 	186 
012627 	115 	95 	187 	186 
012628 	115 	95 	187 	186 
012629 	115 	95 	187 	186 
012630 	115 	95 	187 	186 
012631 	115 	74 	187 	187 
012632 	115 	74 	187 	187 
012633 	115 	74 	187 	187 
012634 	115 	74 	187 	187 
012635 	115 	74 	187 	187 
012636 	115 	74 	187 	187 
012637 	115 	74 	187 	187 
012638 	115 	74 	187 	187 
012639 	115 	95 	187 	186 
012640 	115 	95 	187 	186 
012641 	115 	95 	187 	186 
012642 	115 	95 	187 	186 
012643 	115 	95 	187 	186 
012644 	115 	95 	187 	186 
012645 	115 	95 	187 	186 
012646 	115 	115 	187 	187 
012647 	115 	115 	187 	187 
012648 	115 	115 	187 	187 
012649 	115 	115 	187 	187 
012650 	113 	113 	155 	156 
012651 	94 	95 	187 	186 
