Identity  : 	id10270
Reference : 	GWXujl-xAVM
Offset    : 	0
FV Conf   : 	21.080
ASD Conf  : 	6.338

FRAME 	X 	Y 	W 	H 
019521 	135 	136 	187 	187 
019522 	135 	136 	187 	187 
019523 	135 	136 	187 	187 
019524 	115 	136 	187 	187 
019525 	115 	136 	187 	187 
019526 	115 	136 	187 	187 
019527 	115 	115 	187 	187 
019528 	94 	115 	187 	187 
019529 	94 	115 	187 	187 
019530 	94 	115 	187 	187 
019531 	64 	89 	224 	224 
019532 	64 	89 	224 	224 
019533 	74 	95 	186 	186 
019534 	64 	64 	224 	224 
019535 	64 	64 	224 	224 
019536 	74 	74 	186 	187 
019537 	74 	74 	186 	187 
019538 	74 	74 	186 	187 
019539 	74 	53 	186 	187 
019540 	74 	53 	186 	187 
019541 	74 	53 	186 	187 
019542 	74 	53 	186 	187 
019543 	74 	53 	186 	187 
019544 	74 	33 	186 	187 
019545 	74 	53 	186 	187 
019546 	74 	33 	186 	187 
019547 	74 	33 	186 	187 
019548 	64 	15 	224 	224 
019549 	64 	15 	224 	224 
019550 	64 	15 	224 	224 
019551 	94 	33 	187 	187 
019552 	94 	33 	187 	187 
019553 	94 	33 	187 	187 
019554 	94 	33 	187 	187 
019555 	94 	33 	187 	187 
019556 	94 	33 	187 	187 
019557 	115 	33 	187 	187 
019558 	115 	33 	187 	187 
019559 	115 	53 	187 	187 
019560 	115 	53 	187 	187 
019561 	115 	53 	187 	187 
019562 	115 	53 	187 	187 
019563 	115 	53 	187 	187 
019564 	115 	53 	187 	187 
019565 	115 	53 	187 	187 
019566 	115 	53 	187 	187 
019567 	115 	53 	187 	187 
019568 	115 	53 	187 	187 
019569 	115 	53 	187 	187 
019570 	115 	53 	187 	187 
019571 	115 	53 	187 	187 
019572 	115 	53 	187 	187 
019573 	115 	53 	187 	187 
019574 	115 	53 	187 	187 
019575 	89 	39 	223 	224 
019576 	89 	39 	223 	224 
019577 	115 	53 	187 	187 
019578 	115 	74 	187 	187 
019579 	115 	53 	187 	187 
019580 	115 	74 	187 	187 
019581 	115 	74 	187 	187 
019582 	115 	74 	187 	187 
019583 	115 	74 	187 	187 
019584 	115 	74 	187 	187 
019585 	115 	74 	187 	187 
019586 	115 	74 	187 	187 
019587 	115 	74 	187 	187 
019588 	115 	74 	187 	187 
019589 	115 	74 	187 	187 
019590 	115 	74 	187 	187 
019591 	115 	74 	187 	187 
019592 	115 	74 	187 	187 
019593 	115 	74 	187 	187 
019594 	115 	74 	187 	187 
019595 	115 	74 	187 	187 
019596 	135 	74 	187 	187 
019597 	135 	74 	187 	187 
019598 	135 	74 	187 	187 
019599 	135 	74 	187 	187 
019600 	135 	74 	187 	187 
019601 	135 	74 	187 	187 
019602 	135 	74 	187 	187 
019603 	135 	74 	187 	187 
019604 	135 	74 	187 	187 
019605 	135 	74 	187 	187 
019606 	135 	74 	187 	187 
019607 	135 	74 	187 	187 
019608 	113 	64 	224 	224 
019609 	113 	64 	224 	224 
019610 	113 	64 	224 	224 
019611 	135 	74 	187 	187 
019612 	113 	64 	224 	224 
019613 	135 	74 	187 	187 
019614 	135 	74 	187 	187 
019615 	135 	74 	187 	187 
019616 	135 	74 	187 	187 
019617 	135 	74 	187 	187 
019618 	156 	95 	187 	186 
019619 	156 	95 	187 	186 
019620 	156 	95 	187 	186 
019621 	156 	95 	187 	186 
019622 	156 	95 	187 	186 
019623 	156 	95 	187 	186 
019624 	156 	95 	187 	186 
019625 	156 	95 	187 	186 
019626 	156 	95 	187 	186 
019627 	156 	95 	187 	186 
019628 	135 	95 	187 	186 
019629 	135 	95 	187 	186 
019630 	135 	95 	187 	186 
019631 	135 	95 	187 	186 
019632 	135 	95 	187 	186 
019633 	135 	95 	187 	186 
019634 	135 	95 	187 	186 
019635 	135 	95 	187 	186 
019636 	135 	115 	187 	187 
019637 	135 	115 	187 	187 
019638 	135 	115 	187 	187 
019639 	135 	115 	187 	187 
019640 	135 	115 	187 	187 
019641 	135 	115 	187 	187 
019642 	135 	115 	187 	187 
019643 	135 	115 	187 	187 
019644 	135 	115 	187 	187 
019645 	135 	115 	187 	187 
019646 	135 	115 	187 	187 
019647 	135 	115 	187 	187 
019648 	113 	89 	224 	224 
019649 	138 	64 	224 	224 
019650 	138 	64 	224 	224 
019651 	138 	64 	224 	224 
019652 	138 	64 	224 	224 
019653 	135 	115 	187 	187 
019654 	135 	115 	187 	187 
019655 	135 	115 	187 	187 
019656 	135 	115 	187 	187 
019657 	135 	115 	187 	187 
019658 	135 	115 	187 	187 
019659 	113 	89 	224 	224 
019660 	113 	89 	224 	224 
019661 	135 	115 	187 	187 
019662 	135 	95 	187 	186 
019663 	113 	89 	224 	224 
019664 	135 	95 	187 	186 
019665 	135 	95 	187 	186 
019666 	135 	95 	187 	186 
019667 	135 	95 	187 	186 
019668 	135 	95 	187 	186 
019669 	135 	95 	187 	186 
019670 	135 	95 	187 	186 
019671 	135 	95 	187 	186 
019672 	135 	95 	187 	186 
019673 	113 	89 	224 	224 
019674 	113 	89 	224 	224 
019675 	135 	95 	187 	186 
019676 	113 	89 	224 	224 
019677 	135 	95 	187 	186 
019678 	113 	89 	224 	224 
019679 	113 	89 	224 	224 
019680 	113 	89 	224 	224 
019681 	113 	89 	224 	224 
019682 	113 	89 	224 	224 
019683 	135 	95 	187 	186 
019684 	135 	95 	187 	186 
019685 	113 	64 	224 	224 
019686 	113 	64 	224 	224 
019687 	115 	95 	187 	186 
019688 	89 	89 	223 	224 
019689 	89 	89 	223 	224 
019690 	115 	95 	187 	186 
019691 	115 	95 	187 	186 
019692 	115 	95 	187 	186 
019693 	115 	95 	187 	186 
019694 	115 	95 	187 	186 
019695 	115 	95 	187 	186 
019696 	115 	95 	187 	186 
019697 	115 	95 	187 	186 
019698 	115 	95 	187 	186 
019699 	115 	95 	187 	186 
019700 	115 	95 	187 	186 
019701 	115 	95 	187 	186 
019702 	89 	89 	223 	224 
019703 	115 	95 	187 	186 
019704 	115 	95 	187 	186 
019705 	115 	95 	187 	186 
019706 	115 	95 	187 	186 
019707 	115 	95 	187 	186 
019708 	115 	95 	187 	186 
019709 	135 	95 	187 	186 
019710 	135 	95 	187 	186 
019711 	135 	95 	187 	186 
019712 	135 	95 	187 	186 
019713 	135 	95 	187 	186 
019714 	135 	95 	187 	186 
019715 	135 	95 	187 	186 
019716 	135 	95 	187 	186 
019717 	135 	95 	187 	186 
019718 	135 	95 	187 	186 
019719 	135 	95 	187 	186 
019720 	135 	95 	187 	186 
019721 	135 	95 	187 	186 
019722 	135 	95 	187 	186 
019723 	113 	64 	224 	224 
019724 	113 	64 	224 	224 
019725 	113 	64 	224 	224 
019726 	113 	64 	224 	224 
019727 	113 	64 	224 	224 
019728 	113 	64 	224 	224 
019729 	113 	64 	224 	224 
019730 	135 	95 	187 	186 
019731 	113 	64 	224 	224 
019732 	135 	95 	187 	186 
019733 	135 	95 	187 	186 
019734 	135 	95 	187 	186 
019735 	135 	95 	187 	186 
019736 	135 	95 	187 	186 
019737 	135 	95 	187 	186 
019738 	135 	95 	187 	186 
019739 	135 	95 	187 	186 
019740 	135 	95 	187 	186 
019741 	113 	64 	224 	224 
019742 	113 	64 	224 	224 
019743 	135 	95 	187 	186 
019744 	135 	95 	187 	186 
019745 	135 	95 	187 	186 
019746 	135 	95 	187 	186 
019747 	135 	95 	187 	186 
019748 	135 	95 	187 	186 
019749 	135 	95 	187 	186 
019750 	135 	95 	187 	186 
019751 	135 	95 	187 	186 
019752 	135 	95 	187 	186 
019753 	113 	64 	224 	224 
019754 	113 	64 	224 	224 
019755 	113 	64 	224 	224 
019756 	113 	64 	224 	224 
019757 	113 	64 	224 	224 
019758 	113 	64 	224 	224 
019759 	113 	64 	224 	224 
019760 	113 	64 	224 	224 
019761 	113 	64 	224 	224 
019762 	113 	64 	224 	224 
019763 	113 	64 	224 	224 
019764 	135 	95 	187 	186 
019765 	135 	95 	187 	186 
019766 	135 	95 	187 	186 
019767 	135 	95 	187 	186 
019768 	135 	95 	187 	186 
019769 	113 	89 	224 	224 
019770 	135 	115 	187 	187 
019771 	113 	89 	224 	224 
019772 	113 	89 	224 	224 
019773 	135 	95 	187 	186 
019774 	135 	95 	187 	186 
019775 	113 	64 	224 	224 
019776 	113 	64 	224 	224 
019777 	113 	64 	224 	224 
019778 	115 	95 	187 	186 
019779 	115 	95 	187 	186 
019780 	115 	95 	187 	186 
019781 	115 	95 	187 	186 
019782 	89 	64 	223 	224 
019783 	89 	64 	223 	224 
019784 	89 	64 	223 	224 
019785 	89 	64 	223 	224 
019786 	89 	64 	223 	224 
019787 	89 	64 	223 	224 
019788 	94 	74 	187 	187 
019789 	94 	74 	187 	187 
019790 	94 	74 	187 	187 
019791 	94 	74 	187 	187 
019792 	94 	74 	187 	187 
019793 	94 	74 	187 	187 
019794 	94 	74 	187 	187 
019795 	94 	74 	187 	187 
019796 	94 	74 	187 	187 
019797 	94 	74 	187 	187 
019798 	94 	74 	187 	187 
019799 	64 	39 	224 	224 
019800 	74 	53 	186 	187 
019801 	74 	53 	186 	187 
019802 	74 	74 	186 	187 
019803 	74 	74 	186 	187 
019804 	74 	74 	186 	187 
019805 	74 	74 	186 	187 
019806 	53 	74 	187 	187 
019807 	53 	74 	187 	187 
019808 	53 	74 	187 	187 
019809 	53 	74 	187 	187 
019810 	53 	74 	187 	187 
019811 	14 	39 	224 	224 
019812 	14 	39 	224 	224 
019813 	14 	39 	224 	224 
019814 	14 	39 	224 	224 
019815 	14 	39 	224 	224 
019816 	53 	74 	187 	187 
019817 	53 	74 	187 	187 
