Identity  : 	id10271
Reference : 	_YimahVgI1A
Offset    : 	-4
FV Conf   : 	13.864
ASD Conf  : 	6.409

FRAME 	X 	Y 	W 	H 
002160 	183 	59 	63 	63 
002161 	183 	59 	63 	63 
002162 	183 	59 	63 	63 
002163 	178 	54 	76 	76 
002164 	178 	54 	76 	76 
002165 	190 	59 	63 	63 
002166 	178 	54 	76 	76 
002167 	178 	54 	76 	76 
002168 	178 	54 	76 	76 
002169 	178 	54 	76 	76 
002170 	178 	54 	76 	76 
002171 	178 	54 	76 	76 
002172 	178 	54 	76 	76 
002173 	178 	54 	76 	76 
002174 	178 	54 	76 	76 
002175 	178 	54 	76 	76 
002176 	178 	54 	76 	76 
002177 	178 	54 	76 	76 
002178 	178 	54 	76 	76 
002179 	178 	54 	76 	76 
002180 	178 	54 	76 	76 
002181 	178 	54 	76 	76 
002182 	178 	54 	76 	76 
002183 	178 	54 	76 	76 
002184 	178 	54 	76 	76 
002185 	178 	54 	76 	76 
002186 	178 	54 	76 	76 
002187 	183 	59 	63 	63 
002188 	183 	59 	63 	63 
002189 	178 	54 	76 	76 
002190 	183 	59 	63 	63 
002191 	183 	59 	63 	63 
002192 	183 	59 	63 	63 
002193 	170 	54 	75 	76 
002194 	170 	54 	75 	76 
002195 	170 	54 	75 	76 
002196 	170 	54 	75 	76 
002197 	170 	54 	75 	76 
002198 	162 	46 	75 	76 
002199 	162 	46 	75 	76 
002200 	162 	46 	75 	76 
002201 	162 	46 	75 	76 
002202 	162 	46 	75 	76 
002203 	170 	46 	75 	76 
002204 	170 	54 	75 	76 
002205 	170 	54 	75 	76 
002206 	170 	54 	75 	76 
002207 	178 	54 	76 	76 
002208 	178 	54 	76 	76 
002209 	178 	54 	76 	76 
002210 	178 	54 	76 	76 
002211 	178 	54 	76 	76 
002212 	178 	54 	76 	76 
002213 	178 	54 	76 	76 
002214 	178 	54 	76 	76 
002215 	178 	54 	76 	76 
002216 	178 	54 	76 	76 
002217 	178 	54 	76 	76 
002218 	183 	59 	63 	63 
002219 	183 	59 	63 	63 
002220 	183 	59 	63 	63 
002221 	183 	59 	63 	63 
002222 	183 	59 	63 	63 
002223 	183 	59 	63 	63 
002224 	178 	54 	76 	76 
002225 	178 	54 	76 	76 
002226 	178 	54 	76 	76 
002227 	178 	54 	76 	76 
002228 	178 	54 	76 	76 
002229 	178 	54 	76 	76 
002230 	178 	54 	76 	76 
002231 	178 	54 	76 	76 
002232 	178 	54 	76 	76 
002233 	178 	54 	76 	76 
002234 	178 	54 	76 	76 
002235 	178 	54 	76 	76 
002236 	183 	66 	63 	63 
002237 	178 	54 	76 	76 
002238 	178 	54 	76 	76 
002239 	178 	54 	76 	76 
002240 	178 	54 	76 	76 
002241 	178 	54 	76 	76 
002242 	178 	54 	76 	76 
002243 	178 	54 	76 	76 
002244 	178 	54 	76 	76 
002245 	178 	54 	76 	76 
002246 	178 	54 	76 	76 
002247 	178 	54 	76 	76 
002248 	178 	54 	76 	76 
002249 	178 	54 	76 	76 
002250 	178 	54 	76 	76 
002251 	178 	54 	76 	76 
002252 	178 	54 	76 	76 
002253 	178 	54 	76 	76 
002254 	178 	54 	76 	76 
002255 	178 	54 	76 	76 
002256 	183 	59 	63 	63 
002257 	183 	59 	63 	63 
002258 	183 	59 	63 	63 
002259 	176 	52 	63 	63 
002260 	176 	52 	63 	63 
002261 	176 	52 	63 	63 
002262 	176 	52 	63 	63 
002263 	176 	52 	63 	63 
002264 	176 	52 	63 	63 
002265 	170 	46 	75 	76 
002266 	162 	46 	75 	76 
002267 	162 	46 	75 	76 
002268 	153 	46 	76 	76 
002269 	153 	46 	76 	76 
002270 	153 	54 	76 	76 
002271 	153 	54 	76 	76 
002272 	145 	46 	76 	76 
002273 	145 	46 	76 	76 
002274 	145 	46 	76 	76 
002275 	145 	46 	76 	76 
002276 	145 	46 	76 	76 
002277 	145 	46 	76 	76 
002278 	145 	46 	76 	76 
002279 	153 	46 	76 	76 
002280 	153 	46 	76 	76 
002281 	153 	46 	76 	76 
002282 	153 	46 	76 	76 
002283 	153 	46 	76 	76 
002284 	153 	46 	76 	76 
002285 	153 	46 	76 	76 
002286 	153 	46 	76 	76 
002287 	153 	46 	76 	76 
002288 	153 	46 	76 	76 
002289 	153 	46 	76 	76 
002290 	153 	46 	76 	76 
002291 	162 	46 	75 	76 
002292 	162 	46 	75 	76 
002293 	162 	46 	75 	76 
002294 	162 	46 	75 	76 
002295 	169 	52 	63 	63 
002296 	170 	46 	75 	76 
002297 	170 	46 	75 	76 
002298 	170 	46 	75 	76 
002299 	170 	46 	75 	76 
002300 	170 	46 	75 	76 
002301 	170 	54 	75 	76 
002302 	183 	59 	63 	63 
002303 	178 	54 	76 	76 
002304 	178 	54 	76 	76 
002305 	178 	54 	76 	76 
002306 	178 	54 	76 	76 
002307 	178 	54 	76 	76 
002308 	178 	54 	76 	76 
002309 	178 	54 	76 	76 
002310 	178 	54 	76 	76 
002311 	178 	54 	76 	76 
002312 	178 	54 	76 	76 
002313 	178 	54 	76 	76 
002314 	178 	54 	76 	76 
002315 	183 	59 	63 	63 
002316 	183 	59 	63 	63 
002317 	176 	52 	63 	63 
002318 	176 	52 	63 	63 
002319 	170 	46 	75 	76 
002320 	170 	38 	75 	75 
002321 	176 	45 	63 	63 
002322 	183 	45 	63 	63 
002323 	183 	45 	63 	63 
002324 	183 	45 	63 	63 
002325 	190 	45 	63 	63 
002326 	190 	45 	63 	63 
002327 	190 	45 	63 	63 
002328 	186 	38 	76 	75 
002329 	186 	38 	76 	75 
002330 	186 	38 	76 	75 
002331 	186 	38 	76 	75 
002332 	186 	38 	76 	75 
002333 	186 	46 	76 	76 
002334 	190 	52 	63 	63 
002335 	190 	52 	63 	63 
002336 	190 	52 	63 	63 
002337 	190 	52 	63 	63 
002338 	186 	46 	76 	76 
002339 	186 	46 	76 	76 
002340 	186 	46 	76 	76 
002341 	186 	46 	76 	76 
002342 	186 	46 	76 	76 
002343 	195 	46 	75 	76 
002344 	195 	46 	75 	76 
002345 	195 	46 	75 	76 
002346 	195 	46 	75 	76 
002347 	195 	46 	75 	76 
002348 	195 	46 	75 	76 
002349 	195 	46 	75 	76 
002350 	195 	46 	75 	76 
002351 	195 	46 	75 	76 
002352 	195 	46 	75 	76 
002353 	195 	46 	75 	76 
002354 	195 	46 	75 	76 
002355 	195 	46 	75 	76 
