Identity  : 	id10270
Reference : 	8jEAjG6SegY
Offset    : 	-1
FV Conf   : 	22.698
ASD Conf  : 	5.997

FRAME 	X 	Y 	W 	H 
005453 	185 	126 	109 	109 
005454 	185 	126 	109 	109 
005455 	165 	109 	130 	130 
005456 	185 	114 	109 	109 
005457 	185 	114 	109 	109 
005458 	185 	114 	109 	109 
005459 	185 	114 	109 	109 
005460 	180 	109 	130 	130 
005461 	180 	109 	130 	130 
005462 	197 	114 	109 	109 
005463 	197 	114 	109 	109 
005464 	180 	94 	130 	130 
005465 	180 	94 	130 	130 
005466 	197 	102 	109 	109 
005467 	197 	102 	109 	109 
005468 	197 	102 	109 	109 
005469 	209 	102 	109 	109 
005470 	209 	102 	109 	109 
005471 	209 	102 	109 	109 
005472 	209 	102 	109 	109 
005473 	209 	102 	109 	109 
005474 	209 	102 	109 	109 
005475 	209 	102 	109 	109 
005476 	209 	102 	109 	109 
005477 	209 	102 	109 	109 
005478 	209 	102 	109 	109 
005479 	209 	102 	109 	109 
005480 	194 	94 	130 	130 
005481 	209 	102 	109 	109 
005482 	209 	114 	109 	109 
005483 	208 	94 	130 	130 
005484 	208 	94 	130 	130 
005485 	208 	94 	130 	130 
005486 	221 	114 	109 	109 
005487 	221 	114 	109 	109 
005488 	221 	114 	109 	109 
005489 	221 	114 	109 	109 
005490 	221 	126 	109 	109 
005491 	221 	114 	109 	109 
005492 	221 	114 	109 	109 
005493 	221 	114 	109 	109 
005494 	221 	114 	109 	109 
005495 	221 	114 	109 	109 
005496 	221 	114 	109 	109 
005497 	221 	114 	109 	109 
005498 	221 	114 	109 	109 
005499 	221 	114 	109 	109 
005500 	221 	114 	109 	109 
005501 	221 	114 	109 	109 
005502 	221 	114 	109 	109 
005503 	221 	114 	109 	109 
005504 	221 	114 	109 	109 
005505 	221 	114 	109 	109 
005506 	208 	109 	130 	130 
005507 	208 	109 	130 	130 
005508 	209 	114 	109 	109 
005509 	209 	114 	109 	109 
005510 	209 	114 	109 	109 
005511 	209 	114 	109 	109 
005512 	209 	114 	109 	109 
005513 	209 	114 	109 	109 
005514 	209 	114 	109 	109 
005515 	209 	114 	109 	109 
005516 	209 	114 	109 	109 
005517 	209 	114 	109 	109 
005518 	209 	114 	109 	109 
005519 	209 	114 	109 	109 
005520 	209 	114 	109 	109 
005521 	209 	114 	109 	109 
005522 	209 	114 	109 	109 
005523 	209 	114 	109 	109 
005524 	209 	114 	109 	109 
005525 	209 	114 	109 	109 
005526 	209 	114 	109 	109 
005527 	209 	114 	109 	109 
005528 	194 	109 	130 	130 
005529 	194 	109 	130 	130 
005530 	194 	109 	130 	130 
005531 	194 	109 	130 	130 
005532 	194 	109 	130 	130 
005533 	194 	109 	130 	130 
005534 	194 	109 	130 	130 
005535 	194 	109 	130 	130 
005536 	197 	126 	109 	109 
005537 	197 	114 	109 	109 
005538 	194 	109 	130 	130 
005539 	194 	109 	130 	130 
005540 	194 	109 	130 	130 
005541 	194 	109 	130 	130 
005542 	194 	109 	130 	130 
005543 	194 	109 	130 	130 
005544 	194 	109 	130 	130 
005545 	194 	109 	130 	130 
005546 	194 	109 	130 	130 
005547 	194 	109 	130 	130 
005548 	194 	109 	130 	130 
005549 	194 	109 	130 	130 
005550 	194 	109 	130 	130 
005551 	194 	109 	130 	130 
005552 	194 	109 	130 	130 
005553 	194 	109 	130 	130 
005554 	194 	109 	130 	130 
005555 	194 	109 	130 	130 
005556 	194 	109 	130 	130 
005557 	197 	126 	109 	109 
005558 	197 	138 	109 	109 
005559 	197 	138 	109 	109 
005560 	194 	123 	130 	130 
005561 	194 	123 	130 	130 
005562 	197 	126 	109 	109 
005563 	197 	126 	109 	109 
005564 	197 	126 	109 	109 
005565 	197 	126 	109 	109 
005566 	197 	126 	109 	109 
005567 	191 	132 	109 	109 
005568 	185 	138 	109 	109 
005569 	185 	138 	109 	109 
005570 	185 	138 	109 	109 
005571 	185 	138 	109 	109 
005572 	179 	132 	109 	109 
005573 	173 	126 	109 	109 
005574 	173 	126 	109 	109 
005575 	173 	126 	109 	109 
005576 	173 	126 	109 	109 
005577 	173 	126 	109 	109 
005578 	173 	126 	109 	109 
005579 	173 	126 	109 	109 
005580 	173 	126 	109 	109 
005581 	173 	126 	109 	109 
005582 	173 	126 	109 	109 
005583 	173 	126 	109 	109 
005584 	173 	126 	109 	109 
005585 	173 	126 	109 	109 
005586 	173 	126 	109 	109 
005587 	173 	126 	109 	109 
005588 	173 	126 	109 	109 
005589 	173 	126 	109 	109 
005590 	173 	126 	109 	109 
005591 	173 	126 	109 	109 
005592 	173 	126 	109 	109 
005593 	173 	126 	109 	109 
005594 	173 	126 	109 	109 
005595 	173 	126 	109 	109 
005596 	173 	126 	109 	109 
005597 	173 	126 	109 	109 
005598 	173 	126 	109 	109 
005599 	173 	126 	109 	109 
005600 	173 	126 	109 	109 
005601 	173 	126 	109 	109 
005602 	173 	126 	109 	109 
005603 	173 	126 	109 	109 
005604 	173 	126 	109 	109 
005605 	173 	126 	109 	109 
005606 	173 	126 	109 	109 
005607 	173 	126 	109 	109 
005608 	161 	126 	109 	109 
005609 	161 	126 	109 	109 
005610 	161 	126 	109 	109 
005611 	161 	126 	109 	109 
005612 	161 	126 	109 	109 
005613 	161 	126 	109 	109 
005614 	161 	126 	109 	109 
005615 	161 	126 	109 	109 
005616 	161 	126 	109 	109 
005617 	161 	126 	109 	109 
005618 	173 	126 	109 	109 
005619 	173 	126 	109 	109 
005620 	173 	126 	109 	109 
005621 	173 	126 	109 	109 
005622 	173 	126 	109 	109 
005623 	173 	126 	109 	109 
005624 	173 	126 	109 	109 
005625 	173 	126 	109 	109 
005626 	173 	126 	109 	109 
005627 	173 	126 	109 	109 
005628 	173 	126 	109 	109 
005629 	173 	126 	109 	109 
005630 	173 	126 	109 	109 
005631 	173 	126 	109 	109 
005632 	173 	126 	109 	109 
005633 	173 	126 	109 	109 
005634 	161 	126 	109 	109 
005635 	161 	126 	109 	109 
005636 	161 	126 	109 	109 
005637 	161 	126 	109 	109 
005638 	161 	114 	109 	109 
005639 	161 	114 	109 	109 
005640 	161 	114 	109 	109 
005641 	173 	114 	109 	109 
005642 	173 	114 	109 	109 
005643 	173 	114 	109 	109 
005644 	173 	114 	109 	109 
005645 	173 	114 	109 	109 
005646 	173 	114 	109 	109 
005647 	173 	114 	109 	109 
005648 	165 	109 	130 	130 
005649 	173 	126 	109 	109 
005650 	173 	126 	109 	109 
005651 	173 	126 	109 	109 
005652 	173 	126 	109 	109 
005653 	173 	126 	109 	109 
005654 	173 	126 	109 	109 
005655 	161 	126 	109 	109 
005656 	173 	126 	109 	109 
005657 	173 	114 	109 	109 
005658 	173 	114 	109 	109 
005659 	173 	114 	109 	109 
005660 	173 	114 	109 	109 
005661 	173 	114 	109 	109 
005662 	173 	114 	109 	109 
005663 	173 	114 	109 	109 
005664 	161 	114 	109 	109 
005665 	161 	114 	109 	109 
005666 	161 	114 	109 	109 
005667 	150 	114 	108 	109 
005668 	150 	114 	108 	109 
005669 	137 	94 	130 	130 
005670 	137 	94 	130 	130 
005671 	138 	102 	108 	109 
005672 	138 	114 	108 	109 
005673 	138 	114 	108 	109 
005674 	126 	114 	108 	109 
005675 	108 	94 	130 	130 
005676 	108 	94 	130 	130 
005677 	108 	94 	130 	130 
005678 	108 	94 	130 	130 
005679 	108 	94 	130 	130 
005680 	108 	94 	130 	130 
005681 	108 	94 	130 	130 
005682 	108 	94 	130 	130 
005683 	108 	94 	130 	130 
005684 	108 	94 	130 	130 
005685 	108 	94 	130 	130 
005686 	108 	94 	130 	130 
005687 	108 	94 	130 	130 
005688 	126 	114 	108 	109 
005689 	108 	94 	130 	130 
005690 	108 	94 	130 	130 
005691 	126 	114 	108 	109 
005692 	126 	114 	108 	109 
005693 	126 	114 	108 	109 
005694 	108 	94 	130 	130 
005695 	126 	114 	108 	109 
005696 	126 	114 	108 	109 
005697 	126 	114 	108 	109 
005698 	126 	114 	108 	109 
005699 	126 	114 	108 	109 
005700 	126 	114 	108 	109 
005701 	126 	114 	108 	109 
005702 	126 	114 	108 	109 
005703 	126 	114 	108 	109 
005704 	126 	102 	108 	109 
005705 	126 	102 	108 	109 
005706 	138 	102 	108 	109 
005707 	138 	102 	108 	109 
005708 	138 	114 	108 	109 
005709 	138 	114 	108 	109 
005710 	138 	114 	108 	109 
005711 	138 	114 	108 	109 
005712 	138 	114 	108 	109 
005713 	138 	114 	108 	109 
005714 	138 	114 	108 	109 
005715 	122 	109 	130 	130 
005716 	122 	109 	130 	130 
005717 	126 	114 	108 	109 
005718 	126 	114 	108 	109 
005719 	126 	114 	108 	109 
005720 	126 	114 	108 	109 
005721 	126 	114 	108 	109 
005722 	126 	114 	108 	109 
005723 	108 	94 	130 	130 
005724 	108 	109 	130 	130 
005725 	108 	109 	130 	130 
005726 	108 	109 	130 	130 
005727 	108 	109 	130 	130 
005728 	108 	109 	130 	130 
005729 	114 	126 	108 	109 
005730 	94 	109 	130 	130 
005731 	94 	109 	130 	130 
005732 	94 	109 	130 	130 
005733 	94 	109 	130 	130 
005734 	94 	94 	130 	130 
005735 	79 	94 	130 	130 
005736 	79 	80 	130 	130 
005737 	79 	80 	130 	130 
005738 	79 	80 	130 	130 
005739 	65 	66 	130 	130 
005740 	65 	66 	130 	130 
005741 	65 	66 	130 	130 
005742 	66 	66 	108 	109 
005743 	51 	51 	130 	130 
005744 	66 	54 	108 	109 
005745 	51 	51 	130 	130 
005746 	54 	54 	108 	109 
005747 	54 	54 	108 	109 
005748 	54 	54 	108 	109 
