Identity  : 	id10270
Reference : 	x6uYqmx31kE
Offset    : 	-1
FV Conf   : 	16.697
ASD Conf  : 	6.171

FRAME 	X 	Y 	W 	H 
008145 	223 	137 	130 	130 
008146 	223 	137 	130 	130 
008147 	223 	137 	130 	130 
008148 	223 	137 	130 	130 
008149 	223 	137 	130 	130 
008150 	223 	137 	130 	130 
008151 	223 	137 	130 	130 
008152 	223 	137 	130 	130 
008153 	223 	137 	130 	130 
008154 	223 	137 	130 	130 
008155 	223 	137 	130 	130 
008156 	223 	137 	130 	130 
008157 	223 	137 	130 	130 
008158 	223 	137 	130 	130 
008159 	223 	137 	130 	130 
008160 	223 	137 	130 	130 
008161 	223 	137 	130 	130 
008162 	223 	137 	130 	130 
008163 	223 	137 	130 	130 
008164 	223 	137 	130 	130 
008165 	223 	137 	130 	130 
008166 	223 	137 	130 	130 
008167 	223 	137 	130 	130 
008168 	223 	137 	130 	130 
008169 	208 	137 	130 	130 
008170 	208 	137 	130 	130 
008171 	208 	137 	130 	130 
008172 	208 	137 	130 	130 
008173 	194 	152 	130 	130 
008174 	180 	137 	130 	130 
008175 	165 	137 	130 	130 
008176 	165 	137 	130 	130 
008177 	151 	137 	130 	130 
008178 	151 	137 	130 	130 
008179 	151 	137 	130 	130 
008180 	151 	137 	130 	130 
008181 	151 	137 	130 	130 
008182 	151 	137 	130 	130 
008183 	151 	137 	130 	130 
008184 	165 	137 	130 	130 
008185 	180 	137 	130 	130 
008186 	180 	137 	130 	130 
008187 	180 	137 	130 	130 
008188 	194 	137 	130 	130 
008189 	209 	138 	109 	109 
008190 	209 	138 	109 	109 
008191 	209 	138 	109 	109 
008192 	194 	123 	130 	130 
008193 	209 	138 	109 	109 
008194 	194 	123 	130 	130 
008195 	194 	123 	130 	130 
008196 	197 	138 	109 	109 
008197 	197 	138 	109 	109 
008198 	197 	138 	109 	109 
008199 	197 	138 	109 	109 
008200 	197 	138 	109 	109 
008201 	197 	138 	109 	109 
008202 	197 	138 	109 	109 
008203 	197 	138 	109 	109 
008204 	197 	138 	109 	109 
008205 	197 	138 	109 	109 
008206 	197 	138 	109 	109 
008207 	197 	138 	109 	109 
008208 	197 	138 	109 	109 
008209 	197 	138 	109 	109 
008210 	197 	138 	109 	109 
008211 	197 	138 	109 	109 
008212 	197 	138 	109 	109 
008213 	197 	138 	109 	109 
008214 	180 	123 	130 	130 
008215 	180 	123 	130 	130 
008216 	180 	123 	130 	130 
008217 	165 	123 	130 	130 
008218 	165 	123 	130 	130 
008219 	165 	123 	130 	130 
008220 	165 	123 	130 	130 
008221 	165 	123 	130 	130 
008222 	165 	123 	130 	130 
008223 	165 	123 	130 	130 
008224 	165 	123 	130 	130 
008225 	151 	123 	130 	130 
008226 	151 	123 	130 	130 
008227 	151 	123 	130 	130 
008228 	165 	123 	130 	130 
008229 	165 	123 	130 	130 
008230 	165 	123 	130 	130 
008231 	180 	123 	130 	130 
008232 	180 	123 	130 	130 
008233 	180 	123 	130 	130 
008234 	180 	123 	130 	130 
008235 	180 	123 	130 	130 
008236 	180 	123 	130 	130 
008237 	180 	123 	130 	130 
008238 	180 	123 	130 	130 
008239 	194 	123 	130 	130 
008240 	194 	123 	130 	130 
008241 	197 	126 	109 	109 
008242 	197 	126 	109 	109 
008243 	180 	123 	130 	130 
008244 	180 	123 	130 	130 
008245 	180 	123 	130 	130 
008246 	180 	123 	130 	130 
008247 	180 	123 	130 	130 
008248 	180 	123 	130 	130 
008249 	180 	123 	130 	130 
008250 	185 	126 	109 	109 
008251 	165 	123 	130 	130 
008252 	165 	123 	130 	130 
008253 	173 	138 	109 	109 
008254 	165 	123 	130 	130 
008255 	173 	126 	109 	109 
008256 	173 	126 	109 	109 
008257 	173 	126 	109 	109 
008258 	151 	109 	130 	130 
008259 	173 	126 	109 	109 
008260 	173 	126 	109 	109 
008261 	173 	126 	109 	109 
008262 	173 	126 	109 	109 
008263 	165 	109 	130 	130 
008264 	165 	109 	130 	130 
008265 	165 	109 	130 	130 
008266 	165 	109 	130 	130 
008267 	165 	109 	130 	130 
008268 	165 	109 	130 	130 
008269 	165 	109 	130 	130 
008270 	165 	109 	130 	130 
008271 	165 	109 	130 	130 
008272 	165 	109 	130 	130 
008273 	165 	123 	130 	130 
008274 	165 	123 	130 	130 
008275 	165 	123 	130 	130 
008276 	165 	123 	130 	130 
008277 	165 	123 	130 	130 
008278 	165 	123 	130 	130 
008279 	165 	137 	130 	130 
008280 	165 	137 	130 	130 
008281 	165 	137 	130 	130 
008282 	165 	137 	130 	130 
008283 	165 	137 	130 	130 
008284 	165 	137 	130 	130 
008285 	180 	123 	130 	130 
008286 	180 	123 	130 	130 
008287 	180 	123 	130 	130 
008288 	180 	123 	130 	130 
008289 	185 	138 	109 	109 
008290 	185 	138 	109 	109 
008291 	185 	138 	109 	109 
008292 	180 	123 	130 	130 
008293 	180 	123 	130 	130 
008294 	180 	123 	130 	130 
008295 	180 	123 	130 	130 
008296 	180 	123 	130 	130 
008297 	180 	123 	130 	130 
008298 	180 	123 	130 	130 
008299 	180 	123 	130 	130 
008300 	180 	123 	130 	130 
008301 	180 	123 	130 	130 
008302 	180 	123 	130 	130 
008303 	180 	123 	130 	130 
008304 	180 	123 	130 	130 
008305 	180 	109 	130 	130 
008306 	180 	109 	130 	130 
008307 	180 	109 	130 	130 
008308 	180 	123 	130 	130 
008309 	185 	126 	109 	109 
008310 	165 	109 	130 	130 
008311 	165 	109 	130 	130 
008312 	165 	109 	130 	130 
008313 	165 	123 	130 	130 
008314 	165 	123 	130 	130 
008315 	165 	123 	130 	130 
008316 	180 	123 	130 	130 
008317 	185 	138 	109 	109 
008318 	180 	137 	130 	130 
008319 	180 	137 	130 	130 
008320 	180 	137 	130 	130 
008321 	180 	137 	130 	130 
008322 	180 	137 	130 	130 
008323 	185 	150 	109 	109 
008324 	165 	137 	130 	130 
008325 	165 	137 	130 	130 
008326 	165 	137 	130 	130 
008327 	173 	150 	109 	109 
008328 	151 	137 	130 	130 
008329 	151 	137 	130 	130 
008330 	151 	137 	130 	130 
008331 	151 	137 	130 	130 
008332 	137 	137 	130 	130 
008333 	137 	137 	130 	130 
008334 	137 	137 	130 	130 
008335 	137 	137 	130 	130 
008336 	137 	137 	130 	130 
008337 	137 	137 	130 	130 
008338 	137 	137 	130 	130 
008339 	137 	137 	130 	130 
008340 	137 	137 	130 	130 
008341 	137 	137 	130 	130 
008342 	151 	137 	130 	130 
008343 	151 	137 	130 	130 
008344 	151 	137 	130 	130 
008345 	151 	137 	130 	130 
008346 	165 	137 	130 	130 
008347 	165 	137 	130 	130 
008348 	165 	137 	130 	130 
008349 	165 	137 	130 	130 
008350 	165 	137 	130 	130 
008351 	165 	123 	130 	130 
008352 	165 	123 	130 	130 
008353 	165 	123 	130 	130 
008354 	165 	123 	130 	130 
008355 	185 	126 	109 	109 
008356 	185 	126 	109 	109 
008357 	180 	109 	130 	130 
008358 	180 	109 	130 	130 
008359 	180 	109 	130 	130 
008360 	180 	94 	130 	130 
008361 	180 	94 	130 	130 
008362 	180 	94 	130 	130 
008363 	180 	94 	130 	130 
008364 	194 	94 	130 	130 
008365 	194 	94 	130 	130 
008366 	194 	94 	130 	130 
008367 	194 	94 	130 	130 
008368 	194 	94 	130 	130 
008369 	208 	94 	130 	130 
008370 	208 	94 	130 	130 
008371 	208 	94 	130 	130 
008372 	208 	94 	130 	130 
008373 	208 	94 	130 	130 
008374 	223 	94 	130 	130 
008375 	223 	109 	130 	130 
008376 	223 	109 	130 	130 
008377 	223 	109 	130 	130 
008378 	223 	109 	130 	130 
008379 	223 	109 	130 	130 
008380 	223 	109 	130 	130 
008381 	223 	109 	130 	130 
008382 	223 	109 	130 	130 
008383 	223 	109 	130 	130 
008384 	223 	109 	130 	130 
008385 	223 	109 	130 	130 
008386 	223 	109 	130 	130 
008387 	223 	109 	130 	130 
008388 	223 	109 	130 	130 
008389 	237 	109 	130 	130 
008390 	223 	123 	130 	130 
008391 	223 	123 	130 	130 
008392 	223 	123 	130 	130 
008393 	223 	123 	130 	130 
008394 	237 	123 	130 	130 
008395 	237 	123 	130 	130 
008396 	237 	123 	130 	130 
008397 	237 	123 	130 	130 
008398 	237 	123 	130 	130 
008399 	237 	123 	130 	130 
